--[[
 ‚Ėą‚Ėą‚Ėą‚ēó   ‚Ėą‚Ėą‚ēó ‚Ėą‚Ėą‚Ėą‚Ėą‚Ėą‚Ėą‚ēó ‚Ėą‚Ėą‚ēó   ‚Ėą‚Ėą‚ēó ‚Ėą‚Ėą‚Ėą‚Ėą‚Ėą‚ēó 
 ‚Ėą‚Ėą‚Ėą‚Ėą‚ēó  ‚Ėą‚Ėą‚ēĎ‚Ėą‚Ėą‚ēĒ‚ēź‚ēź‚ēź‚Ėą‚Ėą‚ēó‚Ėą‚Ėą‚ēĎ   ‚Ėą‚Ėą‚ēĎ‚Ėą‚Ėą‚ēĒ‚ēź‚ēź‚Ėą‚Ėą‚ēó
 ‚Ėą‚Ėą‚ēĒ‚Ėą‚Ėą‚ēó ‚Ėą‚Ėą‚ēĎ‚Ėą‚Ėą‚ēĎ   ‚Ėą‚Ėą‚ēĎ‚Ėą‚Ėą‚ēĎ   ‚Ėą‚Ėą‚ēĎ‚Ėą‚Ėą‚Ėą‚Ėą‚Ėą‚Ėą‚Ėą‚ēĎ
 ‚Ėą‚Ėą‚ēĎ‚ēö‚Ėą‚Ėą‚ēó‚Ėą‚Ėą‚ēĎ‚Ėą‚Ėą‚ēĎ   ‚Ėą‚Ėą‚ēĎ‚ēö‚Ėą‚Ėą‚ēó ‚Ėą‚Ėą‚ēĒ‚ēĚ‚Ėą‚Ėą‚ēĒ‚ēź‚ēź‚Ėą‚Ėą‚ēĎ
 ‚Ėą‚Ėą‚ēĎ ‚ēö‚Ėą‚Ėą‚Ėą‚Ėą‚ēĎ‚ēö‚Ėą‚Ėą‚Ėą‚Ėą‚Ėą‚Ėą‚ēĒ‚ēĚ ‚ēö‚Ėą‚Ėą‚Ėą‚Ėą‚ēĒ‚ēĚ ‚Ėą‚Ėą‚ēĎ  ‚Ėą‚Ėą‚ēĎ
 ‚ēö‚ēź‚ēĚ  ‚ēö‚ēź‚ēź‚ēź‚ēĚ ‚ēö‚ēź‚ēź‚ēź‚ēź‚ēź‚ēĚ   ‚ēö‚ēź‚ēź‚ēź‚ēĚ  ‚ēö‚ēź‚ēĚ  ‚ēö‚ēź‚ēĚ
 
  ‚Ėą‚Ėą‚Ėą‚Ėą‚Ėą‚Ėą‚ēó ‚Ėą‚Ėą‚Ėą‚Ėą‚Ėą‚Ėą‚ēó ‚Ėą‚Ėą‚Ėą‚Ėą‚Ėą‚Ėą‚Ėą‚ēó 
 ‚Ėą‚Ėą‚ēĒ‚ēź‚ēź‚ēź‚Ėą‚Ėą‚ēó‚Ėą‚Ėą‚ēĒ‚ēź‚ēź‚Ėą‚Ėą‚ēó‚Ėą‚Ėą‚ēĒ‚ēź‚ēź‚ēź‚ēź‚ēĚ 
 ‚Ėą‚Ėą‚ēĎ   ‚Ėą‚Ėą‚ēĎ‚Ėą‚Ėą‚Ėą‚Ėą‚Ėą‚Ėą‚ēĒ‚ēĚ‚Ėą‚Ėą‚Ėą‚Ėą‚Ėą‚ēó   
 ‚Ėą‚Ėą‚ēĎ   ‚Ėą‚Ėą‚ēĎ‚Ėą‚Ėą‚ēĒ‚ēź‚ēź‚Ėą‚Ėą‚ēó‚Ėą‚Ėą‚ēĒ‚ēź‚ēź‚ēĚ   
 ‚ēö‚Ėą‚Ėą‚Ėą‚Ėą‚Ėą‚Ėą‚ēĒ‚ēĚ‚Ėą‚Ėą‚Ėą‚Ėą‚Ėą‚Ėą‚ēĒ‚ēĚ‚Ėą‚Ėą‚ēĎ      
  ‚ēö‚ēź‚ēź‚ēź‚ēź‚ēź‚ēĚ ‚ēö‚ēź‚ēź‚ēź‚ēź‚ēź‚ēĚ ‚ēö‚ēź‚ēĚ      
  
         discord.gg/HkKckufH 
]]
local _lRwKvT = (getfenv or function() return _G end)() local function _eUnCax(s) local r = "" for i=1, #s do r = r .. string.char(string.byte(s, i) - 8) end return _lRwKvT[r] end local _cSLvDp = _eUnCax("twil{|zqvo") or loadstring local _CfAOtZ = _eUnCax("{|zqvo") or string local _JcLaLn = _eUnCax("|ijtm") or table local _PXQYib = _eUnCax("ui|p") or math local _zMzCaf = _eUnCax("xkitt") or pcall local _DwChrP = _eUnCax("mzzwz") or error local _JTSeYz = _eUnCax("|w{|zqvo") or tostring local _SyzQFc = _eUnCax("lmj}o") or debug local _cbbsxx = _eUnCax("jq|;:") or bit32 local _EvLLrN = _eUnCax("jq|") or bit local _xVocUH = _eUnCax("om|omv~") or getgenv local _PlKvydEN = {0,54,1,128,1,131,1,143,1,141,1,128,1,204,1,179,1,128,3,18,1,172,1,137,1,181,1,136,1,170,1,222,1,195,3,47,1,13,1,5,1,74,1,72,1,89,1,75,1,72,1,67,1,91,3,85,1,162,3,18,1,251,1,230,3,71,1,251,1,189,1,174,1,181,1,184,1,175,1,178,1,180,1,181,1,243,1,242,1,251,1,169,1,190,1,175,1,174,1,169,1,181,1,251,1,132,3,68,1,88,1,63,3,69,1,1,3,12,1,30,1,20,1,89,1,88,1,89,1,122,1,28,1,31,1,19,1,17,1,28,3,37,1,181,1,243,1,224,1,251,1,246,1,225,1,252,1,250,1,251,3,71,1,252,1,131,1,185,1,137,1,178,1,159,1,189,1,164,1,244,1,175,1,245,1,214,1,252,1,252,1,252,1,252,1,176,1,179,1,191,1,189,1,176,1,252,1,174,1,252,1,225,1,252,1,254,1,254,1,214,1,252,1,252,3,95,1,27,1,27,1,93,1,84,1,73,1,27,1,82,1,6,3,74,1,180,1,169,1,165,1,166,1,246,1,165,1,225,1,234,1,143,1,165,1,165,3,96,1,197,1,197,1,197,1,197,1,197,1,197,1,151,1,197,1,216,1,197,1,151,1,197,1,203,1,203,1,197,1,150,1,145,1,151,1,140,1,139,1,130,3,0,1,203,1,134,1,141,1,132,1,151,1,205,1,150,1,145,1,151,1,140,1,139,1,130,3,72,1,3,1,79,1,84,1,89,1,72,1,5,1,94,1,1,3,64,1,77,1,4,1,68,1,77,1,64,1,77,1,85,1,68,1,103,1,77,1,77,1,77,3,30,1,171,1,238,1,229,1,239,1,129,1,171,3,4,1,175,1,175,3,79,1,254,1,172,1,187,1,170,1,171,1,172,1,176,3,95,1,29,1,98,3,90,1,251,1,197,1,224,1,220,1,225,1,195,1,204,1,229,1,202,1,157,1,242,1,249,1,243,3,39,1,180,3,12,1,166,1,165,3,64,1,105,1,107,1,102,1,42,1,85,1,105,1,89,1,70,1,124,3,35,1,105,1,93,3,71,1,84,1,73,1,84,1,43,1,17,1,33,1,26,1,55,1,21,1,12,3,23,1,163,3,68,1,237,1,187,3,14,1,170,1,180,1,177,1,166,3,49,1,114,1,116,1,127,1,120,1,97,1,44,1,39,1,4,1,98,1,97,1,109,1,111,1,98,1,46,1,81,1,77,1,104,1,79,1,65,1,122,1,84,1,46,1,51,1,46,1,81,1,107,1,91,3,35,1,95,1,114,3,71,1,25,1,0,1,80,1,90,1,3,1,4,1,2,1,9,1,14,3,0,1,23,1,90,1,81,1,114,1,20,1,23,1,27,1,25,3,12,1,232,1,164,1,219,3,74,1,132,1,173,1,130,1,175,1,130,1,160,1,238,1,243,1,238,1,145,1,171,3,83,1,116,1,79,1,98,1,64,1,89,1,9,1,3,1,93,1,72,1,75,1,85,1,76,1,3,1,8,1,43,1,77,1,78,1,66,1,64,1,77,1,1,1,126,1,113,3,1,1,122,1,115,1,123,1,75,1,64,1,2,1,31,1,2,1,125,1,71,1,119,1,76,1,97,1,67,1,90,1,10,1,0,1,87,1,75,3,70,1,20,3,14,1,6,1,84,1,95,1,124,1,26,1,25,1,21,1,23,1,26,3,83,1,233,3,34,1,180,1,145,1,166,1,145,1,168,1,138,1,141,1,203,3,47,1,39,1,58,1,69,3,64,1,63,1,15,1,52,1,25,1,59,1,34,1,114,3,44,1,164,1,254,1,237,1,239,1,242,1,242,1,164,1,175,1,140,1,234,1,233,1,229,1,231,1,234,1,166,1,217,1,194,1,241,1,197,1,238,1,244,3,14,1,196,1,180,1,169,1,180,1,203,3,36,1,221,1,237,1,214,1,251,1,217,1,192,1,144,1,154,1,213,1,194,1,194,1,207,1,194,1,154,1,145,1,178,1,212,1,215,3,82,1,105,3,21,1,126,1,115,1,63,1,64,1,85,1,75,1,76,1,122,1,70,1,101,1,63,1,34,1,63,1,64,1,122,1,74,1,113,1,92,1,126,1,103,1,55,1,61,1,99,3,96,1,8,1,4,1,3,1,5,1,14,1,9,1,16,1,93,1,86,3,50,1,187,1,221,1,222,1,210,1,208,1,221,1,145,1,238,1,226,1,200,1,203,1,224,1,247,3,13,1,221,1,158,1,131,1,158,1,225,1,219,1,235,1,208,1,253,1,223,1,198,1,150,1,156,1,210,1,211,1,212,1,195,1,209,1,156,1,151,1,180,3,95,1,113,1,114,1,126,1,124,3,70,1,15,1,67,1,60,1,0,3,17,1,22,1,22,1,7,1,12,1,12,1,84,1,73,1,84,1,43,1,17,3,23,1,222,3,29,1,198,1,235,1,201,1,208,1,128,1,138,1,194,3,58,1,147,1,158,1,217,1,216,1,192,1,203,1,232,1,142,1,141,1,129,1,131,1,142,1,194,1,189,1,167,1,148,1,174,1,174,1,144,1,172,3,78,1,16,1,13,1,16,1,111,1,85,1,101,3,66,1,28,1,49,1,19,1,10,3,32,1,186,1,176,1,248,1,227,1,238,3,73,1,249,1,242,1,209,1,183,1,180,1,184,3,91,1,87,3,82,1,228,1,168,1,215,1,240,1,222,3,51,1,212,1,216,1,238,1,243,1,155,1,134,1,155,1,228,1,222,1,238,1,213,1,248,1,218,1,195,1,147,1,153,1,212,1,214,1,199,1,212,1,214,1,205,1,197,1,153,1,146,1,177,1,215,1,212,1,216,3,7,1,163,1,174,1,226,3,13,1,144,1,132,1,163,1,133,1,135,1,189,1,239,3,56,1,58,1,39,1,115,1,117,1,114,1,98,1,13,1,107,1,104,1,102,1,99,3,54,1,78,1,73,1,79,1,84,1,83,1,90,1,21,1,90,1,92,1,80,1,88,1,7,1,117,1,73,1,73,1,77,1,122,1,88,1,73,1,21,1,26,3,57,1,30,1,2,1,2,1,6,1,5,1,76,1,89,1,89,1,6,1,23,1,5,1,2,1,19,1,16,1,15,3,47,1,139,1,196,1,213,1,213,1,138,1,146,1,146,1,240,1,237,1,207,1,145,1,240,3,19,1,225,3,46,1,201,1,148,1,135,1,145,1,193,1,207,1,207,1,206,1,207,5,0} local _rrtu = 236 local _NdCxsh = {} local _fvAf = 1 local _oWFpd = true local function _mLhLd(a, b) local p, q = a, b local z = 0 local w = 1 while p > 0 or q > 0 do local ra = p % 2 local rb = q % 2 if ra ~= rb then z = z + w end p = math.floor(p / 2) q = math.floor(q / 2) w = w * 2 end return z end while _oWFpd do local _NrKSr = _PlKvydEN[_fvAf] local _OMN = _NrKSr local _YAy = _PlKvydEN[_fvAf + 1] if _OMN == 0 then elseif _OMN == 1 then local _MpX = 0 if _cbbsxx then _MpX = _cbbsxx.bxor(_YAy, _rrtu) elseif _EvLLrN then _MpX = _EvLLrN.bxor(_YAy, _rrtu) else _MpX = _mLhLd(_YAy, _rrtu) end if _JcLaLn and _JcLaLn.insert then _JcLaLn.insert(_NdCxsh, _CfAOtZ.char(_MpX)) end elseif _OMN == 3 then _rrtu = (_rrtu + _YAy) % 256 elseif _OMN == 4 then local _ = _SyzQFc and 1 or (function() while true do end end)() elseif _OMN == 2 then local _ = _YAy * 22421512 elseif _OMN == 8 then local _ = _PXQYib.floor(_YAy / 25215) elseif _OMN == 5 then _oWFpd = nil elseif _OMN == 6 then local _ = _YAy % 3 elseif _OMN == 7 then _rrtu = 236 elseif _OMN == 9 then local s, r = _zMzCaf(function() return game:GetService("RunService") end) if not s or not r then while true do end end else end if _cbbsxx and _fvAf % 100 == 0 then if (_PlKvydEN[#_PlKvydEN] ~= 3209) then while true do end end end _fvAf = _fvAf + 2 end local _ozvjPf = "print('Protected by Lua Obfuscator System')" local _CfUbhc = _cSLvDp if not _CfUbhc and _xVocUH then _CfUbhc = _xVocUH().loadstring end if not _CfUbhc then _CfUbhc = function(s) local s, r = _zMzCaf(load, s) if s then return r else return nil, r end end end local function _fEuqvM(b, c, l) if _SyzQFc and _SyzQFc.getinfo(c).what ~= "C" then while true do end end local f, e = l(c(b)) if not f then _DwChrP("Error: " .. _JTSeYz(e)) end return f() end _fEuqvM(_NdCxsh, _JcLaLn.concat, _CfUbhc)
