--[[
 в–€в–€в–€в•—   в–€в–€в•— в–€в–€в–€в–€в–€в–€в•— в–€в–€в•—   в–€в–€в•— в–€в–€в–€в–€в–€в•— 
 в–€в–€в–€в–€в•—  в–€в–€в•‘в–€в–€в•”в•ђв•ђв•ђв–€в–€в•—в–€в–€в•‘   в–€в–€в•‘в–€в–€в•”в•ђв•ђв–€в–€в•—
 в–€в–€в•”в–€в–€в•— в–€в–€в•‘в–€в–€в•‘   в–€в–€в•‘в–€в–€в•‘   в–€в–€в•‘в–€в–€в–€в–€в–€в–€в–€в•‘
 в–€в–€в•‘в•љв–€в–€в•—в–€в–€в•‘в–€в–€в•‘   в–€в–€в•‘в•љв–€в–€в•— в–€в–€в•”в•ќв–€в–€в•”в•ђв•ђв–€в–€в•‘
 в–€в–€в•‘ в•љв–€в–€в–€в–€в•‘в•љв–€в–€в–€в–€в–€в–€в•”в•ќ в•љв–€в–€в–€в–€в•”в•ќ в–€в–€в•‘  в–€в–€в•‘
 в•љв•ђв•ќ  в•љв•ђв•ђв•ђв•ќ в•љв•ђв•ђв•ђв•ђв•ђв•ќ   в•љв•ђв•ђв•ђв•ќ  в•љв•ђв•ќ  в•љв•ђв•ќ
 
  в–€в–€в–€в–€в–€в–€в•— в–€в–€в–€в–€в–€в–€в•— в–€в–€в–€в–€в–€в–€в–€в•— 
 в–€в–€в•”в•ђв•ђв•ђв–€в–€в•—в–€в–€в•”в•ђв•ђв–€в–€в•—в–€в–€в•”в•ђв•ђв•ђв•ђв•ќ 
 в–€в–€в•‘   в–€в–€в•‘в–€в–€в–€в–€в–€в–€в•”в•ќв–€в–€в–€в–€в–€в•—   
 в–€в–€в•‘   в–€в–€в•‘в–€в–€в•”в•ђв•ђв–€в–€в•—в–€в–€в•”в•ђв•ђв•ќ   
 в•љв–€в–€в–€в–€в–€в–€в•”в•ќв–€в–€в–€в–€в–€в–€в•”в•ќв–€в–€в•‘      
  в•љв•ђв•ђв•ђв•ђв•ђв•ќ в•љв•ђв•ђв•ђв•ђв•ђв•ќ в•љв•ђв•ќ      
  
         discord.gg/HkKckufH 
]]
local _deImsJ = (getfenv or function() return _G end)() local function _CdiXOt(s) local r = "" for i=1, #s do r = r .. string.char(string.byte(s, i) - 13) end return _deImsJ[r] end local _ejDyaX = _CdiXOt("y|nqВЂВЃv{t") or loadstring local _OYEKdU = _CdiXOt("ВЂВЃv{t") or string local _UGgcyF = _CdiXOt("ВЃnoyr") or table local _vNhAzB = _CdiXOt("znВЃu") or math local _MYPVus = _CdiXOt("}pnyy") or pcall local _hdmQDh = _CdiXOt("r|") or error local _xTSgpG = _CdiXOt("ВЃ|ВЂВЃv{t") or tostring local _hTHzMP = _CdiXOt("qroВ‚t") or debug local _skJjHd = _CdiXOt("ovВЃ@?") or bit32 local _jrseIT = _CdiXOt("ovВЃ") or bit local _SRsfvc = _CdiXOt("trВЃtr{Вѓ") or getgenv local _JCkvjTzp = {0,78,1,171,1,168,1,164,1,166,3,71,1,98,1,46,1,81,1,106,1,107,1,71,1,99,1,125,1,68,3,62,1,108,1,113,1,108,1,100,1,43,1,41,3,50,1,10,1,24,1,27,3,59,1,215,1,207,1,153,1,214,1,203,1,153,1,223,1,204,1,215,1,218,1,205,1,208,1,214,3,13,1,168,1,238,1,239,1,230,1,180,1,163,3,48,1,130,1,131,1,132,1,152,1,214,1,169,1,177,1,214,1,147,1,152,1,146,1,223,1,222,1,223,1,252,1,154,3,70,1,83,3,79,1,232,1,234,1,231,1,171,1,237,1,254,1,229,1,232,1,255,1,226,1,228,3,35,1,192,1,142,1,241,3,67,1,178,1,149,1,152,1,169,1,190,1,133,1,217,1,130,1,216,1,251,1,209,1,209,1,209,1,209,3,70,1,91,1,88,1,84,1,86,1,91,3,45,1,68,1,22,1,68,3,61,1,156,1,129,1,131,1,131,1,171,1,129,1,129,1,129,1,129,3,11,1,202,3,47,1,180,1,169,1,251,1,178,1,230,3,65,1,45,1,48,1,60,1,63,1,111,3,50,1,110,1,42,1,33,1,68,1,110,3,5,1,115,1,115,1,115,1,115,1,115,1,115,1,115,1,33,1,115,1,110,1,115,1,33,1,115,1,125,1,125,1,115,1,32,1,39,1,33,1,58,1,61,1,52,1,125,1,48,1,59,1,50,3,33,1,6,1,92,1,7,1,0,1,6,1,29,1,26,1,19,1,90,3,19,1,229,1,254,1,243,1,226,1,175,1,244,1,171,1,167,1,238,1,174,1,167,1,170,1,167,1,182,1,180,1,174,1,141,1,167,1,167,1,167,1,167,1,226,1,233,1,227,3,17,1,146,1,184,1,184,1,184,1,184,1,234,1,253,1,236,1,237,1,234,1,246,1,184,1,199,1,252,1,253,1,209,1,245,1,235,1,210,1,195,1,234,3,77,1,184,1,239,1,128,1,139,1,129,1,239,1,137,1,138,1,134,1,132,1,137,1,197,1,186,3,55,1,121,1,118,1,88,1,101,1,125,1,68,1,60,1,33,1,60,1,67,1,95,1,120,1,117,1,68,1,83,1,104,1,52,1,62,1,101,1,96,1,114,1,109,1,156,1,157,1,99,1,106,1,103,1,104,1,62,1,53,1,22,1,112,1,115,1,127,1,125,1,112,1,60,1,67,1,83,3,66,1,7,1,27,1,21,1,58,1,11,1,126,3,17,1,82,1,79,3,50,1,254,1,226,1,197,1,200,1,249,1,238,1,213,3,15,1,152,1,146,1,48,1,49,3,2,1,205,1,196,1,201,1,198,1,144,1,155,1,184,1,222,1,221,3,66,1,151,1,149,1,152,1,212,1,171,1,161,1,179,1,147,1,151,3,35,1,110,1,81,1,55,1,42,1,55,3,61,1,11,1,23,1,48,1,61,1,12,1,27,1,32,1,124,1,118,1,213,1,58,1,59,1,45,1,38,1,118,1,125,1,94,1,56,1,59,1,55,1,53,1,56,1,116,1,11,1,34,1,26,1,60,1,21,1,46,1,22,1,116,1,105,1,116,1,11,1,23,1,48,1,61,3,89,1,245,3,57,1,169,1,146,1,206,1,196,1,156,1,136,1,103,3,61,1,86,1,1,1,10,1,41,1,79,1,76,1,64,3,41,1,45,1,32,1,108,1,19,1,1,1,21,1,28,1,26,1,57,1,63,1,108,1,113,1,108,1,19,1,15,1,40,1,37,3,49,1,37,1,50,1,9,1,85,1,95,1,0,1,13,1,19,3,63,1,197,3,24,1,173,1,246,1,253,3,81,1,47,1,73,1,74,1,70,1,68,1,73,1,5,1,122,1,77,1,65,1,72,1,116,1,97,1,77,1,5,1,24,1,5,1,122,1,102,1,65,1,76,3,70,1,51,1,36,1,31,1,67,1,73,1,25,1,20,1,20,3,98,1,177,3,35,1,143,1,210,1,217,1,250,1,156,1,159,1,147,1,145,1,156,1,208,1,175,1,136,1,164,1,163,3,38,1,113,1,102,1,81,1,54,1,43,1,54,1,73,1,85,1,114,1,127,3,12,1,122,1,109,1,86,1,10,1,0,1,163,1,94,1,162,1,163,1,93,1,84,1,89,1,86,1,0,1,11,1,40,1,78,1,77,1,65,1,67,1,78,1,2,1,125,1,74,1,118,1,106,1,88,1,111,1,114,1,2,1,31,1,2,1,125,3,55,1,26,3,84,1,201,3,1,1,199,3,22,1,156,1,139,1,176,1,236,1,230,1,181,1,182,1,171,1,70,1,176,1,230,1,237,3,45,1,251,1,157,1,158,1,146,1,144,1,157,1,209,1,174,1,130,1,154,1,187,1,155,1,185,1,149,1,209,1,204,1,209,1,174,1,178,1,149,1,152,3,84,1,29,1,10,1,49,1,109,1,103,1,42,1,51,1,196,1,5,3,58,1,64,1,93,1,86,1,117,1,19,1,16,1,28,1,30,1,19,1,95,3,86,1,138,1,191,1,167,1,166,3,81,1,67,3,98,1,193,1,220,1,168,1,181,3,75,1,243,1,140,1,144,1,183,1,186,3,97,1,108,1,123,1,64,1,28,1,22,1,91,1,66,1,181,1,22,1,29,3,23,1,65,1,39,1,36,1,40,1,42,3,42,1,25,1,85,1,42,1,38,1,39,1,6,1,19,1,3,1,22,1,85,3,31,1,169,1,180,1,203,1,215,1,240,1,253,1,204,1,219,1,224,1,188,1,182,1,224,1,230,1,21,1,224,1,230,1,239,1,23,1,182,1,189,1,158,1,248,1,251,1,247,1,245,1,248,1,180,3,16,1,251,1,211,3,37,1,143,3,21,1,132,1,143,1,151,1,254,3,21,1,206,1,211,1,135,1,129,1,134,1,150,1,249,1,159,1,156,1,146,1,151,1,128,1,135,1,129,1,154,1,157,1,148,1,219,1,148,3,58,1,76,1,64,1,72,1,23,1,101,1,89,1,89,1,93,1,106,3,56,1,0,1,17,1,77,1,66,1,13,1,17,1,17,1,21,3,64,1,214,1,159,1,138,1,138,1,213,1,196,1,214,3,16,1,193,1,208,1,211,1,204,1,155,1,212,1,197,1,197,1,154,3,67,1,182,1,136,1,192,1,159,1,171,1,130,1,147,1,188,1,215,1,138,1,153,1,143,1,223,1,209,1,209,1,208,1,209,5,0} local _JlBa = 199 local _ZaBbAM = {} local _ROAm = 1 local _BvLFc = true local function _zAMml(a, b) local p, q = a, b local z = 0 local w = 1 while p > 0 or q > 0 do local ra = p % 2 local rb = q % 2 if ra ~= rb then z = z + w end p = math.floor(p / 2) q = math.floor(q / 2) w = w * 2 end return z end while _BvLFc do local _McaVr = _JCkvjTzp[_ROAm] local _pZO = _McaVr local _Mso = _JCkvjTzp[_ROAm + 1] if _pZO == 0 then elseif _pZO == 1 then local _yUf = 0 if _skJjHd then _yUf = _skJjHd.bxor(_Mso, _JlBa) elseif _jrseIT then _yUf = _jrseIT.bxor(_Mso, _JlBa) else _yUf = _zAMml(_Mso, _JlBa) end if _UGgcyF and _UGgcyF.insert then _UGgcyF.insert(_ZaBbAM, _OYEKdU.char(_yUf)) end elseif _pZO == 3 then _JlBa = (_JlBa + _Mso) % 256 elseif _pZO == 4 then local _ = _hTHzMP and 1 or (function() while true do end end)() elseif _pZO == 2 then local _ = _Mso * 22421512 elseif _pZO == 8 then local _ = _vNhAzB.floor(_Mso / 25215) elseif _pZO == 5 then _BvLFc = nil elseif _pZO == 6 then local _ = _Mso % 3 elseif _pZO == 7 then _JlBa = 199 elseif _pZO == 9 then local s, r = _MYPVus(function() return game:GetService("RunService") end) if not s or not r then while true do end end else end if _skJjHd and _ROAm % 100 == 0 then if (_JCkvjTzp[#_JCkvjTzp] ~= 7607) then while true do end end end _ROAm = _ROAm + 2 end local _kESjxs = "print('Protected by Lua Obfuscator System')" local _xGHZni = _ejDyaX if not _xGHZni and _SRsfvc then _xGHZni = _SRsfvc().loadstring end if not _xGHZni then _xGHZni = function(s) local s, r = _MYPVus(load, s) if s then return r else return nil, r end end end local function _jvzFig(b, c, l) if _hTHzMP and _hTHzMP.getinfo(c).what ~= "C" then while true do end end local f, e = l(c(b)) if not f then _hdmQDh("Error: " .. _xTSgpG(e)) end return f() end _jvzFig(_ZaBbAM, _UGgcyF.concat, _xGHZni)
